/*
 * Autores: Diego Lasheras Blasco (NIP: 815242) y Nerea Salamero Labara (NIP: 820632)
 * Última modificación: 15-XII-2021
 */

000 -> 002(102), 001(101)
001 -> 000(100), 002(102), 021(202)
002 -> 000(100), 001(101), 012(201)
010 -> 011(101), 012(102), 020(202)
011 -> 010(100), 012(102), 211(302)
012 -> 002(100), 010(100), 011(101)
020 -> 010(201), 021(101), 022(102) 
021 -> 001(200), 020(100), 022(102)
022 -> 020(100), 021(101), 122(301)
100 -> 101(101), 102(102), 200(302)
101 -> 100(100), 102(102), 121(202)
102 -> 100(100), 101(101), 112(201)
110 -> 111(101), 112(102), 120(202)
111 -> 110(100), 112(102)
112 -> 102(200), 110(100), 111(101)
120 -> 110(201), 121(101), 122(102)
121 -> 101(200), 120(100), 122(102)
122 -> 022(300), 120(100), 121(101)
200 -> 100(301), 201(101), 202(102)
201 -> 200(100), 202(102), 221(202)
202 -> 200(100), 201(101), 212(201)
210 -> 211(101), 212(102), 220(202)
211 -> 011(300), 210(100), 212(102)
212 -> 202(200), 210(100), 211(101)
220 -> 210(201), 221(101), 222(102)
221 -> 201(200), 220(100), 222(102)
222 -> 220(100), 221(101) 		//ESTADO FINAL//
